Oxygen,Temperature,Humidity,Fire_Occurence
41,42,21,1
52,29,13,1
13,23,66,0
66,47,72,1
50,15,30,0
35,14,31,0
5,35,35,0
5,19,60,0
57,31,16,1
35,45,47,1
37,51,79,1
32,37,100,0
12,11,12,0
22,33,21,0
62,31,10,1
85,3,64,0
35,66,80,1
18,41,87,0
25,41,10,1
21,1,30,0
30,31,26,1
40,41,11,1
51,12,67,0
61,41,37,1
73,46,9,1
85,49,12,1
25,15,45,0
1,31,73,0
14,22,57,0
5,20,45,0
44,47,22,1
6,17,7,0
22,32,9,0
22,61,33,1
32,52,1,1
62,50,11,1
0,29,0,0
12,12,61,0
12,34,22,0
9,61,53,1
79,63,22,1
47,47,14,1
42,21,69,0
31,56,7,1
11,22,61,0
52,52,1,1
45,49,11,1
31,82,21,1
92,62,43,1
64,21,74,0
32,22,42,0
91,72,15,1
84,52,22,1
3,33,73,0
3,22,41,0
43,44,23,1
32,63,33,1
8,12,9,0
14,33,9,0
62,62,13,1
31,56,1,1
11,12,64,0
1,34,2,0
45,47,17,1
92,61,42,1
13,33,21,0
66,61,29,1
31,51,9,1
33,29,61,0
11,27,69,0
53,53,3,1
33,88,21,1
45,47,17,1
61,21,72,0
91,62,8,1
32,21,43,0
85,52,12,1
92,72,21,1
9,31,72,0
41,57,21,1
8,21,62,0
33,62,23,1
10,13,3,0
22,22,9,0
31,52,1,1
61,61,22,1
14,14,64,0
1,20,7,0
40,50,10,1
81,61,45,1
12,32,21,0
72,72,21,1
32,57,8,1
2,21,61,0
13,13,59,0
51,41,9,1
41,61,11,1
31,81,22,1
99,61,41,1
61,21,71,0
55,54,21,1
20,21,21,0
43,10,10,0
32,32,31,0
